VERSION
22
10
0
2
11
12
2.389451
2.389451
3.495262
4.474495
1.000000 0.000000 0.000000 0.000000
0.000000 1.000000 0.000000 0.000000
0.000000 0.000000 1.000000 0.000000
1.048821 2.286799 0.000004 1.000000
12
0.860202
13
3
2.692727
15
0
3.185435
6.019400
6.999340
25.627472
9.610302
2.392208
1.185921
0.926372
3.358097
5
3
0.000000 0.999658 0.026164 0.000000
-1.000000 0.000000 0.000000 0.000000
0.000000 -0.026164 0.999658 0.000000
1.201229 3.275488 0.956056 1.000000
0.934643
0.934643
0.934643
3
0.000000 0.998631 0.052309 0.000000
-1.000000 0.000000 0.000000 0.000000
0.000000 -0.052309 0.998631 0.000000
1.225407 3.238544 0.250653 1.000000
1.146495
1.146495
1.146495
3
0.000000 0.999391 0.034882 0.000000
-1.000000 0.000000 0.000000 0.000000
0.000000 -0.034882 0.999391 0.000000
1.258033 3.207840 -0.436620 1.000000
1.271114
1.271114
1.271114
3
0.000000 1.000000 0.000000 0.000000
-1.000000 0.000000 0.000000 0.000000
0.000000 0.000000 1.000000 0.000000
1.247838 3.182376 -1.108664 1.000000
1.166434
1.166434
1.166434
3
0.000000 0.622871 -0.782324 0.000000
-1.000000 0.000000 0.000000 0.000000
0.000000 0.782324 0.622871 0.000000
0.849771 1.749907 -1.610376 1.000000
1.034731
1.034731
1.034731
0
3.185435
6.019400
6.999340
25.627472
9.610302
2.392208
1.185921
0.926372
3.358097
5
3
0.000000 0.999658 -0.026164 0.000000
-1.000000 0.000000 0.000000 0.000000
0.000000 0.026164 0.999658 0.000000
1.201229 3.275488 -0.956056 1.000000
0.934643
0.934643
0.934643
3
0.000000 0.998631 -0.052309 0.000000
-1.000000 0.000000 0.000000 0.000000
0.000000 0.052309 0.998631 0.000000
1.225407 3.238544 -0.250653 1.000000
1.146495
1.146495
1.146495
3
0.000000 0.999391 -0.034882 0.000000
-1.000000 0.000000 0.000000 0.000000
0.000000 0.034882 0.999391 0.000000
1.258033 3.207840 0.436620 1.000000
1.271114
1.271114
1.271114
3
0.000000 1.000000 0.000000 0.000000
-1.000000 0.000000 0.000000 0.000000
0.000000 0.000000 1.000000 0.000000
1.247838 3.182376 1.108664 1.000000
1.166434
1.166434
1.166434
3
0.000000 0.622871 0.782324 0.000000
-1.000000 0.000000 0.000000 0.000000
0.000000 -0.782324 0.622871 0.000000
0.849771 1.749907 1.610376 1.000000
1.034731
1.034731
1.034731
16
0
8.988807
6.994078
19.220604
9.610302
4.014278
0.000000
0.086611
0.000000 0.000000 1.130394 1.000000
2.848960
3.087906
0.000000
2.848960
5
3
0.368095 -0.918427 -0.144905 0.000000
0.778743 0.389679 -0.491639 0.000000
0.508001 0.068126 0.858658 0.000000
1.584858 -1.704946 -0.119188 1.000000
0.894528
0.894528
0.894528
3
0.998441 -0.034849 -0.043597 0.000000
-0.043571 0.001521 -0.999049 0.000000
0.034882 0.999391 0.000000 0.000000
4.143783 -1.239944 -0.014700 1.000000
1.009083
1.009083
1.009083
3
0.999011 0.008730 -0.043591 0.000000
-0.043596 0.000380 -0.999049 0.000000
-0.008706 0.999962 0.000760 0.000000
4.097542 -0.360347 0.059137 1.000000
1.153093
1.153093
1.153093
3
0.998897 -0.017427 -0.043597 0.000000
-0.043591 0.000760 -0.999049 0.000000
0.017444 0.999848 0.000000 0.000000
4.046689 0.222218 -0.030982 1.000000
1.096529
1.096529
1.096529
3
0.999049 0.000000 -0.043597 0.000000
-0.043597 0.000000 -0.999049 0.000000
0.000000 1.000000 0.000000 0.000000
3.841387 0.927562 -0.178014 1.000000
0.943603
0.943603
0.943603
0
8.991162
6.966238
19.220604
9.610302
4.014278
0.000000
0.086611
0.000000 0.000000 1.130394 1.000000
2.848960
3.149664
0.000000
2.848960
5
3
0.368095 -0.918427 -0.144905 0.000000
0.778743 0.389679 -0.491639 0.000000
0.508001 0.068126 0.858658 0.000000
1.700875 -1.308764 -0.198150 1.000000
0.894528
0.894528
0.894528
3
0.998441 -0.034849 -0.043597 0.000000
-0.043571 0.001521 -0.999049 0.000000
0.034882 0.999391 0.000000 0.000000
4.078536 -0.717443 -0.007445 1.000000
1.009083
1.009083
1.009083
3
0.999011 0.008730 -0.043591 0.000000
-0.043596 0.000380 -0.999049 0.000000
-0.008706 0.999962 0.000760 0.000000
4.044900 0.091900 0.065182 1.000000
1.153093
1.153093
1.153093
3
0.998897 -0.017427 -0.043597 0.000000
-0.043591 0.000760 -0.999049 0.000000
0.017444 0.999848 0.000000 0.000000
3.972202 0.776106 -0.023779 1.000000
1.096529
1.096529
1.096529
3
0.999049 0.000000 -0.043597 0.000000
-0.043597 0.000000 -0.999049 0.000000
0.000000 1.000000 0.000000 0.000000
3.763478 1.440614 -0.171261 1.000000
0.943603
0.943603
0.943603
19
0
20
0
18
1.000000
17
501
2.729488
2.729488
503
3.703649
3.225759
3.703649
3.338063
3.703649
2.882633
3.703649
2.939025
506
7.499199
7.499199
6.811556
6.811556
0.836308
0.836308
0.836308
0.836308
0.836308
0.836308
0.898801
0.898801
0.898801
0.898801
0.898801
0.898801
0.913505
0.913505
0.913505
0.913505
0.913505
0.913505
0.805061
0.805061
0.805061
0.805061
0.805061
0.805061
0.592768
0.592768
0.592768
0.592768
0.592768
0.592768
4.014278
3.703649
3.703649
7.499199
7.499199
6.811556
6.811556
0.836308
0.836308
0.836308
0.836308
0.836308
0.836308
0.898801
0.898801
0.898801
0.898801
0.898801
0.898801
0.913505
0.913505
0.913505
0.913505
0.913505
0.913505
0.805061
0.805061
0.805061
0.805061
0.805061
0.805061
0.592768
0.592768
0.592768
0.592768
0.592768
0.592768
4.014278
3.703649
3.703649
505
9.190195
9.190195
9.190195
9.190195
0.344632
0.308791
0.344632
0.308791
0.344632
0.308791
0.367608
0.329377
0.367608
0.329377
0.367608
0.329377
0.390583
0.349963
0.390583
0.349963
0.390583
0.349963
0.413559
0.370549
0.413559
0.370549
0.413559
0.370549
0.436534
0.539766
0.436534
0.539766
0.436534
0.539766
40.000000
0.000000
0.000000
9.190195
9.190195
9.190195
9.190195
0.344632
0.308791
0.344632
0.308791
0.344632
0.308791
0.367608
0.329377
0.367608
0.329377
0.367608
0.329377
0.390583
0.349963
0.390583
0.349963
0.390583
0.349963
0.413559
0.370549
0.413559
0.370549
0.413559
0.370549
0.436534
0.539766
0.436534
0.539766
0.436534
0.539766
40.000000
0.000000
0.000000
500
0.860202
5.376264
7.867597
8.067153
4.705379
5.109748
3.185435
507
100
0.000000
0.000000
0.039240
0.999230
3
0.078500
0.000000
0.000000
101
3
0.078500
0.000000
0.000000
0.000001 0.000000 1.000000 0.000000
0.000000 1.000000 0.000000 0.000000
-1.000000 0.000000 0.000001 0.000000
-0.294146 12.755543 -2.732950 1.000000
108
-2.895828 0.000000 0.423857 0.000000
-0.294146 12.755543 -2.732950 1.000000
0.000000
0.707106
0.000000
0.707107
102
0.000000
103
12
-0.453556
0.000000
0.000000
0.000000
0.000000
0.000000
0.000000
0.000000
0.000000
0.000000
0.000000
0.000000
105
2.253811
0.300000
-0.204701
0.358518
0.885227
-0.214326
-0.120000
0.000000
0
0.000000
0.000000
-11.460425 -1.106305 -2.416681 1.000000
-39.348846 12.595650 -10.445354 1.000000
-0.208734 0.722485 0.659125 0.000000
3
0
-0.116648
0.116648
0.697419
0.697419
0.000000
0.000000
0.000000
1.000000
0.575632
-0.575632
-0.410668
-0.410668
0.000000
0.000000
0.000000
0.000000
0.000000
0.000000
1.000000
0.000000
0.000000
0.000000
0.000000
0.000000
1.000000
0.000000
0.000000
0.000000
0.000000
0.000000
1.000000
0.000000
0.000000
0.000000
0.000000
0.000000
1.000000
0.000000
0.000000
0.000000
0.000000
0.000000
1.000000
0.000000
0.000000
2.253811
0.300000
-0.204701
0.358518
0.885227
-0.214326
-0.120000
0.000000
0
0.000000
0.000000
-11.460425 -1.106305 -2.416681 1.000000
38.760544 12.595650 -10.445452 1.000000
-0.208734 0.722485 0.659125 0.000000
3
0
0.116648
-0.116648
0.697419
0.697419
0.000000
0.000000
0.000000
1.000000
-0.410667
0.410667
0.575632
0.575632
0.000000
0.000000
0.000000
0.000000
0.000000
0.000000
1.000000
0.000000
0.000000
0.000000
0.000000
0.000000
1.000000
0.000000
0.000000
0.000000
0.000000
0.000000
1.000000
0.000000
0.000000
0.000000
0.000000
0.000000
1.000000
0.000000
0.000000
0.000000
0.000000
0.000000
1.000000
0.000000
0.000000
106
2.795759
0.300000
-0.446185
-0.546638
0.473981
0.526733
0.000000
0.086611
0
0.000000
0.000000
1.609502 0.182263 -15.664750 1.000000
-145.260361 197.368195 43.731312 1.000000
0.152898 -0.988233 0.004211 1.000000
0
0
-0.664742
-0.022255
-0.091205
0.741151
0.000000
0.000000
0.000000
1.000000
0.024569
-0.002625
0.706691
-0.023795
0.000000
0.000000
0.000000
0.000000
0.000000
0.000000
1.000000
0.130833
0.095944
0.000000
0.000000
0.000000
1.000000
0.043611
0.043611
0.000000
0.000000
0.000000
1.000000
0.043611
0.043611
0.000000
0.000000
0.000000
1.000000
0.043611
0.043611
0.000000
0.000000
0.000000
1.000000
0.043611
0.043611
2.814779
0.300000
-0.448541
-0.544707
0.471702
0.528775
0.000000
0.086611
0
0.000000
0.000000
1.609522 0.182276 -15.664750 1.000000
144.672119 197.368210 43.730934 1.000000
0.152899 -0.988233 0.004211 1.000000
0
0
-0.664849
-0.018803
-0.087355
0.741614
0.000000
0.000000
0.000000
1.000000
0.024569
-0.002625
0.706691
-0.023795
0.000000
0.000000
0.000000
0.000000
0.000000
0.000000
1.000000
0.130833
0.095944
0.000000
0.000000
0.000000
1.000000
0.043611
0.043611
0.000000
0.000000
0.000000
1.000000
0.043611
0.043611
0.000000
0.000000
0.000000
1.000000
0.043611
0.043611
0.000000
0.000000
0.000000
1.000000
0.043611
0.043611
107
