VERSION
22
10
1
2
11
12
5.370701
5.370701
5.370701
5.370701
1.000000 0.000000 0.000000 0.000000
0.000000 1.000000 0.000000 0.000000
0.000000 0.000000 1.000000 0.000000
0.000000 0.000000 0.000000 1.000000
12
1.652523
13
3
2.065654
14
12
5.370701
5.370701
5.370701
5.370701
-1.000000 -0.000000 0.000000 0.000000
0.000000 -1.000000 0.000000 0.000000
0.000000 0.000000 1.000000 0.000000
-3.098481 -3.098481 0.000000 1.000000
15
1
4.131308
16.525232
16.525232
8.262616
3.098481
2.054839
1.859089
0.786916
2.852570
3
3
0.000000 0.609130 0.793070 0.000000
-1.000000 0.000000 0.000000 0.000000
0.000000 -0.793070 0.609130 0.000000
1.861079 2.681504 1.962371 1.000000
1.211085
1.211085
1.211085
3
0.000000 1.000000 0.000000 0.000000
-1.000000 0.000000 0.000000 0.000000
0.000000 0.000000 1.000000 0.000000
1.860389 3.548914 0.000000 1.000000
1.291824
1.291824
1.291824
3
0.000000 0.816822 -0.576890 0.000000
-1.000000 0.000000 0.000000 0.000000
0.000000 0.576890 0.816822 0.000000
1.861079 2.681504 -1.962371 1.000000
0.863247
0.863247
0.863247
1
4.131308
16.525232
16.525232
8.262616
3.098481
2.054839
1.859089
0.786916
2.852570
3
3
0.000000 0.609130 -0.793070 0.000000
-1.000000 0.000000 0.000000 0.000000
0.000000 -0.793070 -0.609130 0.000000
1.861079 2.681504 -1.962371 1.000000
1.211085
1.211085
1.211085
3
0.000000 1.000000 0.000000 0.000000
-1.000000 0.000000 0.000000 0.000000
0.000000 0.000000 -1.000000 0.000000
1.860389 3.548914 0.000000 1.000000
1.291824
1.291824
1.291824
3
0.000000 0.816822 0.576890 0.000000
-1.000000 0.000000 0.000000 0.000000
0.000000 0.576890 -0.816822 0.000000
1.861079 2.681504 1.962371 1.000000
0.863247
0.863247
0.863247
16
0
5.557814
5.557814
6.196962
3.098481
5.370701
1.221111
0.000000
0.000000 0.000000 2.065654 1.000000
4.131308
2.754205
0.000000
2.525867
3
3
0.998393 -0.056664 0.000000 0.000000
0.000000 0.000000 -1.000000 0.000000
0.056664 0.998393 0.000000 0.000000
2.813791 -0.879666 0.001425 1.000000
0.653688
0.653688
0.653688
3
1.000000 0.000000 0.000000 0.000000
0.000000 0.000000 -1.000000 0.000000
0.000000 1.000000 0.000000 0.000000
2.942269 0.086572 0.000060 1.000000
0.784426
0.784426
0.784426
3
0.988373 0.152047 0.000000 0.000000
0.000000 0.000000 -1.000000 0.000000
-0.152047 0.988373 0.000000 0.000000
2.942183 1.058814 -0.000447 1.000000
0.653688
0.653688
0.653688
0
5.557814
5.557814
6.196962
3.098481
5.370701
1.221111
0.000000
0.000000 0.000000 2.065654 1.000000
4.131308
2.754205
0.000000
2.525867
3
3
0.998393 -0.056664 0.000000 0.000000
0.000000 0.000000 -1.000000 0.000000
0.056664 0.998393 0.000000 0.000000
2.813778 -0.935167 0.001356 1.000000
0.653688
0.653688
0.653688
3
1.000000 0.000000 0.000000 0.000000
0.000000 0.000000 -1.000000 0.000000
0.000000 1.000000 0.000000 0.000000
2.942261 0.050728 0.000015 1.000000
0.784426
0.784426
0.784426
3
0.988373 0.152047 0.000000 0.000000
0.000000 0.000000 -1.000000 0.000000
-0.152047 0.988373 0.000000 0.000000
2.942175 1.022601 -0.000493 1.000000
0.653688
0.653688
0.653688
19
0
20
0
18
1.000000
17
501
2.065654
2.065654
503
5.370701
5.370701
5.370701
5.370701
5.370701
5.370701
5.370701
5.370701
504
5.370701
5.370701
5.370701
5.370701
5.370701
5.370701
5.370701
5.370701
506
5.557814
6.735828
5.557814
6.735828
1.032827
1.032827
1.032827
1.032827
1.032827
1.032827
1.239393
1.239393
1.239393
1.239393
1.239393
1.239393
1.032827
1.032827
1.032827
1.032827
1.032827
1.032827
5.370701
5.370701
5.370701
5.557814
6.735828
5.557814
6.735828
1.032827
1.032827
1.032827
1.032827
1.032827
1.032827
1.239393
1.239393
1.239393
1.239393
1.239393
1.239393
1.032827
1.032827
1.032827
1.032827
1.032827
1.032827
5.370701
5.370701
5.370701
505
16.525232
16.525232
16.525232
16.525232
8.262616
8.262616
0.000000
0.000000
0.619696
0.619696
0.619696
0.619696
0.619696
0.619696
0.661009
0.661009
0.661009
0.661009
0.661009
0.661009
0.702322
0.702322
0.702322
0.702322
0.702322
0.702322
40.000000
0.000000
0.000000
16.525232
16.525232
16.525232
16.525232
8.262616
8.262616
0.000000
0.000000
0.619696
0.619696
0.619696
0.619696
0.619696
0.619696
0.661009
0.661009
0.661009
0.661009
0.661009
0.661009
0.702322
0.702322
0.702322
0.702322
0.702322
0.702322
40.000000
0.000000
0.000000
500
1.652523
10.328271
10.328271
10.328271
4.131308
4.131308
4.131308
507
100
0.000000
-0.024997
0.000000
0.999687
3
0.000000
0.000000
0.000000
101
3
0.000000
0.000000
0.000000
0.000000 0.000000 1.000000 0.000000
0.000000 1.000000 0.000000 0.000000
-1.000000 0.000000 0.000000 0.000000
-3.736686 40.184677 -8.369156 1.000000
108
-1.251854 0.000000 -0.000000 0.000000
-3.736686 40.184677 -8.369156 1.000000
0.000000
0.707107
0.000000
0.707107
102
0.000000
103
12
-0.602731
0.000000
0.000000
-0.150683
0.000000
0.000000
-0.150683
0.000000
0.000000
-0.150683
0.000000
0.000000
104
12
0.100000
-0.023917
-0.000000
-0.300000
0.022381
-0.000000
-0.300000
0.025789
0.000000
-0.300000
-0.029111
0.000000
105
2.364190
0.374502
-0.153150
-1.570796
0.000000
0.000000
0.961599
-0.274457
-0.120000
0.000000
0
0.000000
0.000000
-38.323597 6.354977 0.000000 1.000000
-7.867994 0.000000 142.881287 1.000000
0.000000 0.000000 1.000000 0.000000
3
0
0.000000
0.000000
0.707107
0.707107
0.000000
0.000000
0.000000
1.000000
-0.500000
0.500000
0.500000
0.500000
0.000000
0.000000
1.570796
0.000000
0.000000
0.000000
1.000000
0.000000
0.000000
0.000000
0.000000
0.000000
1.000000
0.000000
0.000000
0.000000
0.000000
0.000000
1.000000
0.000000
0.000000
0.000000
0.000000
0.000000
1.000000
0.000000
0.000000
0.000000
0.000000
0.000000
1.000000
0.000000
0.000000
2.364190
0.374502
-0.153150
-1.570796
0.000000
0.000000
0.961599
-0.274457
-0.120000
0.000000
0
0.000000
0.000000
-38.323597 6.354977 0.000000 1.000000
0.394622 0.000000 142.881287 1.000000
0.000000 0.000000 1.000000 0.000000
3
0
0.000000
0.000000
0.707107
0.707107
0.000000
0.000000
0.000000
1.000000
-0.500000
0.500000
0.500000
0.500000
0.000000
0.000000
1.570796
0.000000
0.000000
0.000000
1.000000
0.000000
0.000000
0.000000
0.000000
0.000000
1.000000
0.000000
0.000000
0.000000
0.000000
0.000000
1.000000
0.000000
0.000000
0.000000
0.000000
0.000000
1.000000
0.000000
0.000000
0.000000
0.000000
0.000000
1.000000
0.000000
0.000000
106
3.041593
0.300000
-0.049917
0.997502
-0.002498
-0.049917
1.221111
0.000000
0
0.000000
0.000000
-11.032469 -0.554864 -1.106946 1.000000
-8.749291 39.076244 154.072052 1.000000
0.099834 -0.000000 -0.995004 0.000000
0
0
0.000000
0.024997
0.000000
0.999687
0.000000
0.000000
0.000000
1.000000
-0.461129
-0.396673
0.536059
0.461129
0.000000
0.000000
0.000000
0.000000
0.000000
0.000000
1.000000
0.100000
0.100000
0.000000
0.000000
0.000000
1.000000
0.100000
0.100000
0.000000
0.000000
0.000000
1.000000
0.100000
0.100000
0.000000
0.000000
0.000000
1.000000
0.000000
0.000000
0.000000
0.000000
0.000000
1.000000
0.000000
0.000000
3.041593
0.300000
0.044684
0.992768
0.102069
-0.044684
1.221111
0.000000
0
0.000000
0.000000
-10.955142 1.625951 -0.767931 1.000000
0.936911 39.153576 156.252853 1.000000
0.097843 0.198668 -0.975171 0.000000
0
0
0.000000
0.024997
0.000000
0.999687
0.000000
0.000000
0.000000
1.000000
0.523637
-0.362573
0.561180
0.528604
0.000000
0.000000
0.000000
0.000000
0.000000
0.000000
1.000000
0.100000
0.100000
0.000000
0.000000
0.000000
1.000000
0.100000
0.100000
0.000000
0.000000
0.000000
1.000000
0.100000
0.100000
0.000000
0.000000
0.000000
1.000000
0.000000
0.000000
0.000000
0.000000
0.000000
1.000000
0.000000
0.000000
107
