VERSION
22
10
1
2
11
15
5.444098
5.444098
5.444098
5.444098
5.444098
1.000000 0.000000 0.000000 0.000000
0.000000 1.000000 0.000000 0.000000
0.000000 0.000000 1.000000 0.000000
1.643064 -0.186282 0.000005 1.000000
12
1.434167
13
9
3.926033
3.926033
3.926033
14
15
10.071583
8.323623
7.043065
6.255641
6.497795
-1.000000 -0.000000 0.000000 0.000000
0.000000 -1.000000 0.000000 0.000000
0.000000 0.000000 1.000000 0.000000
-3.429734 -0.692431 -0.000004 1.000000
15
0
6.311942
7.931379
7.931379
10.469419
3.926033
3.147452
3.810074
1.562600
5.664425
4
2
0.000000 0.979925 0.199368 0.000000
-1.000000 0.000000 0.000000 0.000000
0.000000 -0.199368 0.979925 0.000000
3.810074 5.664425 1.573726 1.000000
1.507596
1.507596
2
0.000000 0.996917 0.078459 0.000000
-1.000000 0.000000 0.000000 0.000000
0.000000 -0.078459 0.996917 0.000000
3.810074 5.664425 0.524575 1.000000
1.608103
1.608103
2
0.000000 0.997564 -0.069756 0.000000
-1.000000 0.000000 0.000000 0.000000
0.000000 0.069756 0.997564 0.000000
3.810074 5.664425 -0.524575 1.000000
1.708609
1.708609
2
0.000000 0.972370 -0.233445 0.000000
-1.000000 0.000000 0.000000 0.000000
0.000000 0.233445 0.972370 0.000000
3.810074 5.664425 -1.573726 1.000000
1.809116
1.809116
0
6.311942
7.931379
7.931379
10.469419
3.926033
3.147452
3.810074
1.444058
5.234710
4
2
0.000000 0.979925 -0.199368 0.000000
-1.000000 0.000000 0.000000 0.000000
0.000000 -0.199368 -0.979925 0.000000
3.810074 5.234710 -1.573726 1.000000
1.507596
1.507596
2
0.000000 0.996917 -0.078459 0.000000
-1.000000 0.000000 0.000000 0.000000
0.000000 -0.078459 -0.996917 0.000000
3.810074 5.234710 -0.524575 1.000000
1.608103
1.608103
2
0.000000 0.997564 0.069756 0.000000
-1.000000 0.000000 0.000000 0.000000
0.000000 0.069756 -0.997564 0.000000
3.810074 5.234710 0.524575 1.000000
1.708609
1.708609
2
0.000000 0.972370 0.233445 0.000000
-1.000000 0.000000 0.000000 0.000000
0.000000 0.233445 -0.972370 0.000000
3.810074 5.234710 1.573726 1.000000
1.809116
1.809116
16
0
7.971640
7.971640
7.852065
3.926033
5.272101
0.000000
0.200000
0.000000 0.000000 1.291334 1.000000
5.234710
4.154531
0.000000
5.234710
4
2
0.979925 -0.199368 0.000000 0.000000
0.000000 0.000000 -1.000000 0.000000
0.199368 0.979925 0.000000 0.000000
4.150712 -2.116362 -0.064579 1.000000
1.397297
1.397297
2
0.996917 -0.078459 0.000000 0.000000
0.000000 0.000000 -1.000000 0.000000
0.078459 0.996917 0.000000 0.000000
4.167488 -0.897902 -0.016526 1.000000
1.397297
1.397297
2
0.998135 0.061049 0.000000 0.000000
0.000000 0.000000 -1.000000 0.000000
-0.061049 0.998135 0.000000 0.000000
4.174572 0.493464 -0.020014 1.000000
1.397296
1.397296
2
0.986286 0.165048 0.000000 0.000000
0.000000 0.000000 -1.000000 0.000000
-0.165048 0.986286 0.000000 0.000000
4.322758 1.950875 -0.031194 1.000000
1.164414
1.164414
0
7.971640
7.971640
7.852065
3.926033
5.272101
0.000000
0.200000
0.000000 0.000000 1.291334 1.000000
5.234710
4.089617
0.000000
5.234710
4
2
0.979925 -0.199368 0.000000 0.000000
0.000000 0.000000 -1.000000 0.000000
0.199368 0.979925 0.000000 0.000000
4.085857 -2.116362 -0.064579 1.000000
1.397297
1.397297
2
0.996917 -0.078459 0.000000 0.000000
0.000000 0.000000 -1.000000 0.000000
0.078459 0.996917 0.000000 0.000000
4.102371 -0.897902 -0.016526 1.000000
1.397297
1.397297
2
0.998135 0.061049 0.000000 0.000000
0.000000 0.000000 -1.000000 0.000000
-0.061049 0.998135 0.000000 0.000000
4.109344 0.493464 -0.020014 1.000000
1.397296
1.397296
2
0.986286 0.165048 0.000000 0.000000
0.000000 0.000000 -1.000000 0.000000
-0.165048 0.986286 0.000000 0.000000
4.255214 1.950875 -0.031194 1.000000
1.164414
1.164414
19
15
5.194751
5.194751
5.194751
5.194751
5.194751
-1.000000 -0.000000 0.000000 0.000000
0.000000 -1.000000 0.000000 0.000000
0.000000 0.000000 1.000000 0.000000
4.710610 0.452809 0.000012 1.000000
20
15
5.194751
5.194751
5.194751
5.194751
5.194751
-1.000000 -0.000000 0.000000 0.000000
0.000000 -1.000000 0.000000 0.000000
0.000000 0.000000 1.000000 0.000000
4.710610 3.562722 0.000012 1.000000
18
1.000000
17
501
9.422478
18.547401
9.422478
18.547401
9.422478
18.547401
503
5.444098
4.862286
5.444098
5.687139
5.444098
5.952893
5.444098
4.976246
5.444098
3.837106
504
10.071583
10.071583
8.323623
8.323623
7.043065
7.043065
6.255641
6.255641
6.497795
6.497795
508
6.805123
23.875854
6.805123
17.505211
6.805123
9.923740
6.805123
9.021582
6.805123
7.760894
509
6.805123
23.875854
6.805123
17.505211
6.805123
13.992473
6.805123
11.457409
6.805123
8.536983
506
15.704130
15.704130
10.830435
10.830435
1.308677
1.308677
1.308677
1.308677
1.308677
1.308677
1.308677
1.308677
1.570413
1.570413
1.570413
1.570413
1.308677
1.308677
1.308677
1.308677
5.272101
17.012808
13.086775
15.704130
15.704130
10.830435
10.830435
1.308677
1.308677
1.308677
1.308677
1.308677
1.308677
1.308677
1.308677
1.570413
1.570413
1.570413
1.570413
1.308677
1.308677
1.308677
1.308677
5.272101
17.012808
13.086775
505
19.387814
19.387814
19.387814
19.387814
0.785206
0.785206
0.785206
0.785206
0.837554
0.837554
0.837554
0.837554
0.889901
0.889901
0.889901
0.889901
0.942248
0.942248
0.942248
1.102430
40.000000
0.000000
0.000000
19.387814
19.387814
19.387814
19.387814
0.785206
0.785206
0.785206
0.785206
0.837554
0.837554
0.837554
0.837554
0.889901
0.889901
0.889901
0.889901
0.942248
0.942248
0.942248
0.942248
40.000000
0.000000
0.000000
500
1.434167
8.963545
17.074865
8.963545
7.352120
7.352120
6.311942
507
100
0.000000
0.000000
0.087156
0.996195
9
-0.405246
0.000000
0.000000
-0.379066
0.000000
0.000000
0.519779
0.000000
0.000000
101
9
-0.405246
0.000000
0.000000
-0.379066
0.000000
0.000000
0.519779
0.000000
0.000000
0.000001 0.000000 1.000000 0.000000
0.000000 1.000000 0.000000 0.000000
-1.000000 0.000000 0.000001 0.000000
0.296045 12.066151 -1.503934 1.000000
108
-12.328212 0.000000 -0.000031 0.000000
0.296045 12.066151 -1.503934 1.000000
0.000000
0.707106
0.000000
0.707107
102
0.000000
103
15
4.393441
-0.000000
6.283180
0.144975
0.000000
0.000000
0.144975
0.000000
0.000000
0.144975
0.000000
0.000000
0.000000
0.000000
0.000000
104
15
-1.360224
0.000000
0.000000
0.088400
0.000000
0.000000
0.123306
0.000000
0.000000
-0.121040
0.000000
0.000000
-0.173400
0.000000
0.000000
109
15
4.553957
-0.054937
3.088388
0.001119
0.000000
0.000000
0.001119
0.000000
0.000000
0.001119
0.000000
0.000000
0.001119
0.000000
0.000000
110
15
1.790068
0.000000
6.283171
0.001119
0.000000
0.000000
0.001119
0.000000
0.000000
0.001119
0.000000
0.000000
0.001119
0.000000
0.000000
105
1.137695
0.300000
-0.388818
0.920943
0.021568
-0.014834
-0.120000
0.000000
0
0.000000
0.000000
-8.369261 1.722364 -0.000002 1.000000
-4.938663 51.108253 0.218438 1.000000
0.010550 0.051261 -0.998630 1.000000
3
0
0.000000
0.000000
0.707107
0.707107
0.000000
0.000000
0.000000
1.000000
0.000000
0.000000
0.000000
1.000000
0.000000
0.000000
0.000000
0.000000
0.000000
0.000000
1.000000
0.000000
0.000000
0.000000
0.000000
0.000000
1.000000
0.000000
0.000000
0.000000
0.000000
0.000000
1.000000
0.000000
0.000000
0.000000
0.000000
0.000000
1.000000
0.000000
0.000000
0.000000
0.000000
0.000000
1.000000
0.000000
0.000000
1.137694
0.300000
-0.388818
0.920943
0.021569
-0.014833
-0.120000
0.000000
0
0.000000
0.000000
-8.369263 1.722363 0.000004 1.000000
5.530753 51.108250 0.218422 1.000000
0.010548 0.051262 -0.998630 1.000000
3
0
0.000000
0.000000
0.707107
0.707107
0.000000
0.000000
0.000000
1.000000
-0.500000
0.500000
0.500000
0.500000
0.000000
0.000000
0.000000
0.000000
0.000000
0.000000
1.000000
0.000000
0.000000
0.000000
0.000000
0.000000
1.000000
0.000000
0.000000
0.000000
0.000000
0.000000
1.000000
0.000000
0.000000
0.000000
0.000000
0.000000
1.000000
0.000000
0.000000
0.000000
0.000000
0.000000
1.000000
0.000000
0.000000
106
1.371889
0.300000
-0.354342
0.931794
-0.031448
-0.072194
0.000000
0.200000
0
0.000000
0.000000
-9.848309 1.583724 -1.575806 1.000000
-7.738139 0.363065 27.470791 1.000000
0.156827 -0.007443 -0.987598 1.000000
0
0
-0.633704
0.195333
0.169801
0.728993
0.000000
0.000000
0.000000
1.000000
-0.453409
0.533571
0.432790
0.447816
0.000000
0.000000
0.000000
0.000000
0.000000
0.000000
1.000000
0.000000
0.000000
0.000000
0.000000
0.000000
1.000000
0.000000
0.000000
0.000000
0.000000
0.000000
1.000000
0.000000
0.000000
0.000000
0.000000
0.000000
1.000000
0.000000
0.000000
0.000000
0.000000
0.000000
1.000000
0.000000
0.000000
1.371889
0.300000
-0.354342
0.931794
-0.031448
-0.072194
0.000000
0.200000
0
0.000000
0.000000
-9.848309 1.583724 -1.575806 1.000000
8.330158 0.363065 27.470804 1.000000
0.156827 -0.007443 -0.987598 1.000000
0
0
-0.633704
0.195333
0.169801
0.728993
0.000000
0.000000
0.000000
1.000000
-0.453409
0.533571
0.432790
0.447816
0.000000
0.000000
0.000000
0.000000
0.000000
0.000000
1.000000
0.000000
0.000000
0.000000
0.000000
0.000000
1.000000
0.000000
0.000000
0.000000
0.000000
0.000000
1.000000
0.000000
0.000000
0.000000
0.000000
0.000000
1.000000
0.000000
0.000000
0.000000
0.000000
0.000000
1.000000
0.000000
0.000000
107
