VERSION
22
10
0
2
11
12
0.530746
0.530746
0.530746
0.530746
1.000000 0.000000 0.000000 0.000000
0.000000 1.000000 0.000000 0.000000
0.000000 0.000000 1.000000 0.000000
0.000000 0.126454 0.000000 1.000000
12
0.228629
13
3
0.618523
15
1
0.291618
1.429192
1.670254
0.599212
0.306199
0.739119
0.311647
0.007163
1.145035
1
1
0.000000 1.000000 -0.000000 0.000000
-1.000000 0.000000 0.000000 0.000000
0.000000 -0.000000 1.000000 0.000000
0.311647 1.145035 0.000000 1.000000
0.085185
1
0.291618
1.429192
1.670254
0.599212
0.306199
0.739119
0.311647
0.007163
1.145035
1
1
0.000000 1.000000 0.000000 0.000000
-1.000000 0.000000 -0.000000 0.000000
0.000000 -0.000000 -1.000000 0.000000
0.311647 1.145035 0.000000 1.000000
0.085185
16
0
1.535896
1.984172
0.612399
0.306199
0.378509
-0.340167
0.200000
0.000000 0.000000 0.204133 1.000000
0.575655
0.579737
0.000000
0.551975
5
3
0.801739 -0.265918 -0.535258 0.000000
-0.229895 -0.963876 0.134508 0.000000
-0.551690 0.015213 -0.833911 0.000000
0.170606 -0.211030 -0.084105 1.000000
0.227608
0.198009
0.456257
3
0.870392 -0.139103 -0.472300 0.000000
-0.476937 0.000000 -0.878937 0.000000
0.122263 0.990278 -0.066343 0.000000
0.553952 -0.108480 0.035956 1.000000
0.178820
0.176371
0.537743
3
1.000000 0.000000 0.000000 0.000000
0.000000 0.000000 -1.000000 0.000000
0.000000 1.000000 0.000000 0.000000
0.579737 -0.055198 0.000000 1.000000
0.142893
0.142893
0.142893
3
1.000000 0.000000 0.000000 0.000000
0.000000 0.000000 -1.000000 0.000000
0.000000 1.000000 0.000000 0.000000
0.579737 0.055198 0.000000 1.000000
0.122480
0.122480
0.122480
3
0.843546 0.000000 -0.537057 0.000000
-0.537057 0.000000 -0.843546 0.000000
0.000000 1.000000 0.000000 0.000000
0.604368 0.144261 0.058945 1.000000
0.160244
0.187496
0.569225
0
1.535896
1.984172
0.612399
0.306199
0.378509
-0.340167
0.200000
0.000000 0.000000 0.204133 1.000000
0.575655
0.579737
0.000000
0.551975
5
3
0.834049 0.010063 -0.551598 0.000000
0.000000 -0.999834 -0.018240 0.000000
-0.551690 0.015213 -0.833911 0.000000
0.170606 -0.211030 -0.084105 1.000000
0.227608
0.198009
0.456257
3
0.870392 -0.139103 -0.472300 0.000000
-0.476937 0.000000 -0.878937 0.000000
0.122263 0.990278 -0.066343 0.000000
0.553952 -0.108480 0.035956 1.000000
0.178820
0.176371
0.537743
3
1.000000 0.000000 0.000000 0.000000
0.000000 0.000000 -1.000000 0.000000
0.000000 1.000000 0.000000 0.000000
0.579737 -0.055198 0.000000 1.000000
0.142893
0.142893
0.142893
3
1.000000 0.000000 0.000000 0.000000
0.000000 0.000000 -1.000000 0.000000
0.000000 1.000000 0.000000 0.000000
0.579737 0.055198 0.000000 1.000000
0.122480
0.122480
0.122480
3
0.843546 0.000000 -0.537057 0.000000
-0.537057 0.000000 -0.843546 0.000000
0.000000 1.000000 0.000000 0.000000
0.604368 0.144261 0.058945 1.000000
0.160244
0.187496
0.569225
19
3
0.000000
-1.000000 -0.000000 0.000000 0.000000
0.000000 -1.000000 0.000000 0.000000
0.000000 0.000000 1.000000 0.000000
-0.275149 0.275149 0.000000 1.000000
20
3
0.000000
-1.000000 -0.000000 0.000000 0.000000
0.000000 -1.000000 0.000000 0.000000
0.000000 0.000000 1.000000 0.000000
-0.275149 0.275149 0.000000 1.000000
18
0.000000
17
501
0.204133
0.204133
503
0.530746
0.530746
0.530746
0.530746
0.530746
0.530746
0.530746
0.530746
508
0.000000
0.000000
509
0.000000
0.000000
506
1.224797
1.224797
1.224797
1.224797
0.227608
0.227608
0.198009
0.198009
0.210257
0.210257
0.178820
0.178820
0.176371
0.176371
0.190015
0.190015
0.142893
0.142893
0.142893
0.142893
0.142893
0.142893
0.122480
0.122480
0.122480
0.122480
0.122480
0.122480
0.160244
0.160244
0.187496
0.187496
0.210175
0.216480
0.378509
0.530746
0.530746
1.224797
1.224797
1.224797
1.224797
0.227608
0.227608
0.198009
0.198009
0.210257
0.210257
0.178820
0.178820
0.176371
0.176371
0.190015
0.190015
0.142893
0.142893
0.142893
0.142893
0.142893
0.142893
0.122480
0.122480
0.122480
0.122480
0.122480
0.122480
0.160244
0.160244
0.187496
0.187496
0.210175
0.216480
0.378509
0.530746
0.530746
505
2.041329
2.573178
2.041329
2.041329
2.488529
3.749928
0.000000
0.000000
0.085185
0.085185
40.000000
0.000000
0.000000
2.041329
2.573178
2.041329
2.041329
2.488529
3.749928
0.000000
0.000000
0.085185
0.085185
40.000000
0.000000
0.000000
500
0.228629
1.428930
1.428930
1.428930
0.361297
0.367807
0.291618
507
100
0.000000
0.000000
0.000000
1.000000
3
-0.488445
0.000000
0.000000
101
3
-0.488445
0.000000
0.000000
0.000001 0.000000 1.000000 0.000000
0.000000 1.000000 0.000000 0.000000
-1.000000 0.000000 0.000001 0.000000
0.014412 -5.768388 -0.155277 1.000000
108
0.000000 0.000000 0.000000 0.000000
0.014412 -5.768388 -0.155277 1.000000
0.000000
0.707106
0.000000
0.707107
102
0.000000
103
12
0.000000
0.000000
0.000000
0.000000
0.000000
0.000000
0.000000
0.000000
0.000000
0.000000
0.000000
0.000000
109
3
0.000000
0.000000
0.000000
110
3
0.000000
0.000000
0.000000
105
2.222031
1.085837
-0.435964
-1.931554
-0.120552
0.150615
0.967792
-0.161746
-0.120000
0.000000
0
0.000000
0.000000
-3.215255 -0.269847 -0.544956 1.000000
-0.822162 -8.983644 -0.425123 1.000000
-0.184615 0.330526 0.925565 1.000000
3
0
0.058624
0.067394
0.732764
0.674594
0.000000
0.000000
0.000000
1.000000
0.043263
0.148247
0.693582
0.121596
0.000000
0.000000
0.000000
0.000000
0.000000
0.000000
1.000000
0.000000
0.000000
0.000000
0.000000
0.000000
1.000000
0.000000
0.000000
0.000000
0.000000
0.000000
1.000000
0.000000
0.000000
0.000000
0.000000
0.000000
1.000000
0.000000
0.000000
0.000000
0.000000
0.000000
1.000000
0.000000
0.000000
2.222031
1.085837
-0.435963
-1.931554
-0.120552
0.150615
0.967792
-0.161747
-0.120000
0.000000
0
0.000000
0.000000
-3.215255 -0.269847 -0.544956 1.000000
0.850985 -8.983643 -0.425125 1.000000
-0.184615 0.330525 0.925565 1.000000
3
0
-0.058624
-0.067394
0.732764
0.674594
0.000000
0.000000
0.000000
1.000000
0.730785
-0.082191
-0.629470
-0.250927
0.000000
0.000000
0.000000
0.000000
0.000000
0.000000
1.000000
0.000000
0.000000
0.000000
0.000000
0.000000
1.000000
0.000000
0.000000
0.000000
0.000000
0.000000
1.000000
0.000000
0.000000
0.000000
0.000000
0.000000
1.000000
0.000000
0.000000
0.000000
0.000000
0.000000
1.000000
0.000000
0.000000
106
2.794605
0.300000
-0.003454
-0.727653
0.058797
0.683412
-0.340167
0.200000
0
0.000000
0.000000
-0.166469 0.413782 -3.439287 1.000000
-4.011767 -3.738742 0.134740 1.000000
0.994168 -0.090289 -0.058982 1.000000
0
0
-0.125098
0.074918
0.133876
0.980212
0.000000
0.000000
0.000000
1.000000
-0.138545
0.694479
0.045705
0.121511
0.000000
0.000000
0.000000
0.000000
0.000000
0.000000
1.000000
0.000000
-0.497167
0.000000
0.000000
0.000000
1.000000
0.104667
0.401222
0.000000
0.000000
0.000000
1.000000
0.000000
0.000000
0.000000
0.000000
0.000000
1.000000
0.000000
0.000000
0.000000
0.000000
0.000000
1.000000
0.000000
0.610556
2.794605
0.300000
-0.003454
-0.727653
0.058797
0.683412
-0.340167
0.200000
0
0.000000
0.000000
-0.166469 0.413782 -3.439287 1.000000
0.000000 0.000000 0.000000 1.000000
0.994168 -0.090289 -0.058982 1.000000
0
0
-0.125098
0.074918
0.133876
0.980212
0.000000
0.000000
0.000000
1.000000
-0.138545
0.694479
0.045705
0.121511
0.000000
0.000000
0.000000
0.000000
0.000000
0.000000
1.000000
0.000000
-0.497167
0.000000
0.000000
0.000000
1.000000
0.104667
0.401222
0.000000
0.000000
0.000000
1.000000
0.000000
0.000000
0.000000
0.000000
0.000000
1.000000
0.000000
0.000000
0.000000
0.000000
0.000000
1.000000
0.000000
0.610556
107
