VERSION
22
10
0
2
11
12
4.468102
4.428208
4.428208
6.695451
1.000000 0.000000 0.000000 0.000000
0.000000 1.000000 0.000000 0.000000
0.000000 0.000000 1.000000 0.000000
0.000000 2.378357 0.000000 1.000000
12
1.526029
13
3
2.861304
15
0
3.815072
16.587269
17.250759
7.630144
2.861304
3.624318
5.030992
2.049239
7.428490
1
2
0.000000 1.000000 0.000000 0.000000
-1.000000 0.000000 0.000000 0.000000
0.000000 0.000000 1.000000 0.000000
5.030992 7.428490 0.000000 1.000000
1.819789
1.848402
0
3.815072
16.587269
17.250759
7.630144
2.861304
3.624318
5.030992
2.049239
7.428490
1
2
0.000000 1.000000 0.000000 0.000000
-1.000000 0.000000 0.000000 0.000000
0.000000 0.000000 -1.000000 0.000000
5.030992 7.428490 0.000000 1.000000
1.819789
1.848402
16
0
11.110105
9.443344
5.722608
2.861304
4.959593
0.000000
-0.079253
0.000000 -0.727161 1.335275 1.000000
3.815072
4.196579
0.000000
4.501784
5
3
0.886353 -0.407547 -0.219737 0.000000
0.234936 0.804820 -0.545041 0.000000
0.398978 0.431475 0.809102 0.000000
1.085079 -1.635669 -0.661371 1.000000
1.888461
1.373330
1.440190
3
0.996917 0.000000 -0.078459 0.000000
-0.078459 0.000000 -0.996917 0.000000
0.000000 1.000000 0.000000 0.000000
4.407784 -1.535866 0.000000 1.000000
1.224638
1.224638
1.224638
3
0.989016 0.000000 -0.147809 0.000000
-0.147809 0.000000 -0.989016 0.000000
0.000000 1.000000 0.000000 0.000000
4.402145 -0.422165 0.017941 1.000000
1.522214
1.322055
1.112729
3
0.984808 0.000000 -0.173648 0.000000
-0.173648 0.000000 -0.984808 0.000000
0.000000 1.000000 0.000000 0.000000
4.358998 0.741028 0.006258 1.000000
1.144522
1.144522
1.144522
3
0.990268 0.000000 -0.139173 0.000000
-0.139173 0.000000 -0.990268 0.000000
0.000000 1.000000 0.000000 0.000000
3.893633 1.631012 -0.339303 1.000000
1.077758
1.077758
1.077758
0
11.110105
9.443344
5.722608
2.861304
4.959593
0.000000
-0.079253
0.000000 0.727161 1.335275 1.000000
3.815072
4.196579
0.000000
4.501784
5
3
0.886353 -0.407547 -0.219737 0.000000
0.234936 0.804820 -0.545041 0.000000
0.398978 0.431475 0.809102 0.000000
1.085079 -1.635669 -0.661371 1.000000
1.888461
1.373330
1.440190
3
0.996917 0.000000 -0.078459 0.000000
-0.078459 0.000000 -0.996917 0.000000
0.000000 1.000000 0.000000 0.000000
4.407784 -1.535866 0.000000 1.000000
1.224638
1.224638
1.224638
3
0.989016 0.000000 -0.147809 0.000000
-0.147809 0.000000 -0.989016 0.000000
0.000000 1.000000 0.000000 0.000000
4.402145 -0.422165 0.017941 1.000000
1.522214
1.322055
1.112729
3
0.984808 0.000000 -0.173648 0.000000
-0.173648 0.000000 -0.984808 0.000000
0.000000 1.000000 0.000000 0.000000
4.358998 0.741028 0.006258 1.000000
1.144522
1.144522
1.144522
3
0.990268 0.000000 -0.139173 0.000000
-0.139173 0.000000 -0.990268 0.000000
0.000000 1.000000 0.000000 0.000000
3.893633 1.631012 -0.339303 1.000000
1.077758
1.077758
1.077758
19
9
2.441460
1.719338
2.441460
-1.000000 -0.000000 0.000000 0.000000
0.000000 -1.000000 0.000000 0.000000
0.000000 0.000000 1.000000 0.000000
-1.208850 8.234607 0.000003 1.000000
20
0
18
1.000000
17
501
6.867129
6.867129
503
4.959593
4.959593
4.959593
4.959593
4.959593
4.959593
4.959593
4.959593
508
2.441460
2.441460
2.441460
2.441460
2.441460
2.441460
506
11.445215
11.445215
11.445215
11.445215
0.953768
0.953768
0.953768
0.953768
0.953768
0.953768
1.144522
1.144522
1.144522
1.144522
1.144522
1.144522
1.335275
1.335275
1.335275
1.335275
1.335275
1.335275
1.144522
1.144522
1.144522
1.144522
1.144522
1.144522
0.953768
0.953768
0.953768
0.953768
0.953768
0.953768
4.959593
12.398984
9.537680
11.445215
11.445215
11.445215
11.445215
0.953768
0.953768
0.953768
0.953768
0.953768
0.953768
1.144522
1.144522
1.144522
1.144522
1.144522
1.144522
1.335275
1.335275
1.335275
1.335275
1.335275
1.335275
1.144522
1.144522
1.144522
1.144522
1.144522
1.144522
0.953768
0.953768
0.953768
0.953768
0.953768
0.953768
4.959593
12.398984
9.537680
505
19.075359
19.075359
19.075359
19.075359
1.516491
1.516491
1.516491
1.516491
40.000000
0.000000
0.000000
19.075359
19.075359
19.075359
19.075359
1.516491
1.516491
1.516491
1.516491
40.000000
0.000000
0.000000
500
1.526029
9.537680
9.537680
9.537680
9.537680
9.537680
3.815072
507
100
0.000000
0.000000
0.000000
1.000000
3
0.000000
0.000000
0.000000
101
3
0.000000
0.000000
0.000000
0.000001 0.000000 1.000000 0.000000
0.000000 1.000000 0.000000 0.000000
-1.000000 0.000000 0.000001 0.000000
0.885115 38.546089 0.883354 1.000000
108
0.000000 0.000000 0.000000 0.000000
0.885115 38.546089 0.883354 1.000000
0.000000
0.707106
0.000000
0.707107
102
0.000000
103
12
0.000000
0.000000
0.000000
0.000000
0.000000
0.000000
0.000000
0.000000
0.000000
0.000000
0.000000
0.000000
109
9
3.325980
0.000000
6.283180
-0.470106
0.000000
0.000000
-0.662092
0.000000
0.000000
105
3.139436
0.300000
-0.055507
0.024333
0.997706
0.030174
-0.120000
0.000000
0
0.000000
0.000000
-33.565716 -2.165882 -3.696256 1.000000
-6.553776 5.638481 -1.239349 1.000000
-0.112228 0.045205 0.992654 1.000000
3
0
-0.046247
0.046247
0.705593
0.705593
0.000000
0.000000
0.000000
1.000000
-0.531631
0.531631
0.466228
0.466228
0.000000
0.000000
0.000000
0.000000
0.000000
0.000000
1.000000
0.000000
0.000000
0.000000
0.000000
0.000000
1.000000
0.000000
0.000000
0.000000
0.000000
0.000000
1.000000
0.000000
0.000000
0.000000
0.000000
0.000000
1.000000
0.000000
0.000000
0.000000
0.000000
0.000000
1.000000
0.000000
0.000000
3.139436
0.300000
-0.055507
0.024333
0.997706
0.030174
-0.120000
0.000000
0
0.000000
0.000000
-33.565716 -2.165882 -3.696256 1.000000
8.324000 5.638481 -1.239370 1.000000
-0.112228 0.045205 0.992654 1.000000
3
0
0.043168
-0.043168
0.705788
0.705788
0.000000
0.000000
0.000000
1.000000
-0.468543
0.468543
0.529592
0.529592
0.000000
0.000000
0.000000
0.000000
0.000000
0.000000
1.000000
0.000000
0.000000
0.000000
0.000000
0.000000
1.000000
0.000000
0.000000
0.000000
0.000000
0.000000
1.000000
0.000000
0.000000
0.000000
0.000000
0.000000
1.000000
0.000000
0.000000
0.000000
0.000000
0.000000
1.000000
0.000000
0.000000
106
2.983570
0.300000
0.016068
-0.715136
-0.000745
0.698800
0.000000
-0.079253
0
0.000000
0.000000
-0.502450 1.036920 -20.457325 1.000000
-28.050898 60.301056 3.157209 1.000000
0.999450 0.023522 -0.023356 0.000000
0
0
-0.002759
-0.000261
-0.020353
0.999789
0.000000
0.000000
0.000000
1.000000
0.696303
0.025121
0.042516
0.716047
0.000000
0.000000
0.000000
0.000000
0.000000
0.000000
1.000000
0.322886
0.287979
0.000000
0.000000
0.000000
1.000000
0.104720
0.174533
0.000000
0.000000
0.000000
1.000000
0.226893
0.183260
0.000000
0.000000
0.000000
1.000000
0.287979
0.218166
0.000000
0.000000
0.000000
1.000000
0.253073
0.253073
2.983570
0.300000
0.016068
-0.715136
-0.000745
0.698800
0.000000
-0.079253
0
0.000000
0.000000
-0.502450 1.036920 -20.457325 1.000000
27.621740 60.107456 1.920235 1.000000
0.999450 0.023522 -0.023356 0.000000
0
0
-0.002759
-0.000261
-0.020353
0.999789
0.000000
0.000000
0.000000
1.000000
0.696303
0.025121
0.042516
0.716047
0.000000
0.000000
0.000000
0.000000
0.000000
0.000000
1.000000
0.322886
0.287979
0.000000
0.000000
0.000000
1.000000
0.104720
0.174533
0.000000
0.000000
0.000000
1.000000
0.226893
0.183260
0.000000
0.000000
0.000000
1.000000
0.287979
0.218166
0.000000
0.000000
0.000000
1.000000
0.253073
0.253073
107
