VERSION
22
10
0
2
11
12
10.109926
10.109926
10.109926
10.109926
1.000000 0.000000 0.000000 0.000000
0.000000 1.000000 0.000000 0.000000
0.000000 0.000000 1.000000 0.000000
0.000000 6.610337 0.000000 1.000000
12
5.478959
13
3
5.832649
15
0
7.526001
32.130344
23.116980
8.473045
3.177392
7.388022
7.077712
3.172962
11.501986
5
2
0.000000 0.990268 0.139173 0.000000
-1.000000 0.000000 0.000000 0.000000
0.000000 -0.139173 0.990268 0.000000
6.553653 10.647929 3.769662 1.000000
1.318179
1.411501
2
0.000000 0.996917 0.078459 0.000000
-1.000000 0.000000 0.000000 0.000000
0.000000 -0.078459 0.996917 0.000000
6.553653 11.171896 2.611295 1.000000
1.605145
1.530487
2
0.000000 0.991445 0.130526 0.000000
-1.000000 0.000000 0.000000 0.000000
0.000000 -0.130526 0.991445 0.000000
6.553653 11.710247 1.157061 1.000000
1.626143
1.731908
2
0.000000 0.996917 0.078459 0.000000
-1.000000 0.000000 0.000000 0.000000
0.000000 -0.078459 0.996917 0.000000
6.553653 11.965473 -0.244428 1.000000
1.878580
1.955571
2
0.000000 0.992546 0.121869 0.000000
-1.000000 0.000000 0.000000 0.000000
0.000000 -0.121869 0.992546 0.000000
6.553653 12.083651 -2.500674 1.000000
2.421055
2.630136
0
7.526001
32.130344
23.116980
8.473045
3.177392
7.388022
7.077712
3.172962
11.501986
5
2
0.000000 0.990268 -0.139173 0.000000
-1.000000 0.000000 0.000000 0.000000
0.000000 -0.139173 -0.990268 0.000000
6.553653 10.647929 -3.769662 1.000000
1.318179
1.411501
2
0.000000 0.996917 -0.078459 0.000000
-1.000000 0.000000 0.000000 0.000000
0.000000 -0.078459 -0.996917 0.000000
6.553653 11.171896 -2.611295 1.000000
1.605145
1.530487
2
0.000000 0.991445 -0.130526 0.000000
-1.000000 0.000000 0.000000 0.000000
0.000000 -0.130526 -0.991445 0.000000
6.553653 11.710247 -1.157061 1.000000
1.626143
1.731908
2
0.000000 0.996917 -0.078459 0.000000
-1.000000 0.000000 0.000000 0.000000
0.000000 -0.078459 -0.996917 0.000000
6.553653 11.965473 0.244428 1.000000
1.878580
1.955571
2
0.000000 0.992546 -0.121869 0.000000
-1.000000 0.000000 0.000000 0.000000
0.000000 -0.121869 -0.992546 0.000000
6.553653 12.083651 2.500674 1.000000
2.421055
2.630136
16
0
21.845921
19.636583
6.354784
3.177392
10.109926
0.000000
0.200000
0.000000 0.000000 3.320721 1.000000
7.776867
7.606617
0.000000
10.745584
5
3
0.933580 -0.358368 0.000000 0.000000
0.000000 0.000000 -1.000000 0.000000
0.358368 0.933580 0.000000 0.000000
2.962801 -4.844871 -1.021384 1.000000
3.694012
2.488597
2.313618
3
1.000000 0.000000 0.000000 0.000000
0.000000 0.000000 -1.000000 0.000000
0.000000 1.000000 0.000000 0.000000
8.518868 -3.808523 0.352541 1.000000
3.312945
2.221962
2.180430
3
0.993572 0.113203 0.000000 0.000000
0.000000 0.000000 -1.000000 0.000000
-0.113203 0.993572 0.000000 0.000000
8.378831 -1.125484 0.616302 1.000000
3.973978
2.306697
2.387634
3
0.994449 0.095755 -0.043619 0.000000
-0.043419 -0.004181 -0.999048 0.000000
-0.095846 0.995396 0.000000 0.000000
7.874915 1.185162 -0.138760 1.000000
3.815338
2.246650
2.333060
3
0.993572 0.113203 0.000000 0.000000
0.000000 0.000000 -1.000000 0.000000
-0.113203 0.993572 0.000000 0.000000
7.023352 3.789008 -0.872530 1.000000
3.016479
1.827703
2.288732
0
21.845921
19.636583
6.354784
3.177392
10.109926
0.000000
0.200000
0.000000 0.000000 3.320721 1.000000
7.776867
7.606617
0.000000
10.745584
5
3
0.933580 -0.358368 0.000000 0.000000
0.000000 0.000000 -1.000000 0.000000
0.358368 0.933580 0.000000 0.000000
2.962801 -4.844871 -1.021384 1.000000
3.694012
2.488597
2.313618
3
1.000000 0.000000 0.000000 0.000000
0.000000 0.000000 -1.000000 0.000000
0.000000 1.000000 0.000000 0.000000
8.518868 -3.808523 0.352541 1.000000
3.312945
2.221962
2.180430
3
0.993572 0.113203 0.000000 0.000000
0.000000 0.000000 -1.000000 0.000000
-0.113203 0.993572 0.000000 0.000000
8.378831 -1.125484 0.616302 1.000000
3.973978
2.306697
2.387634
3
0.994449 0.095755 -0.043619 0.000000
-0.043419 -0.004181 -0.999048 0.000000
-0.095846 0.995396 0.000000 0.000000
7.874915 1.185162 -0.138760 1.000000
3.815338
2.246650
2.333060
3
0.993572 0.113203 0.000000 0.000000
0.000000 0.000000 -1.000000 0.000000
-0.113203 0.993572 0.000000 0.000000
7.023352 3.789008 -0.872530 1.000000
3.016479
1.827703
2.288732
19
0
20
0
18
1.000000
17
501
32.616180
31.636295
503
17.682259
14.356094
17.655571
12.940705
15.569286
12.334110
14.962691
12.334110
506
32.196220
38.495480
29.396549
44.561436
5.735439
5.229943
5.054963
4.977195
4.841100
4.005086
3.779558
4.913425
3.592913
4.222839
3.149632
3.686235
5.096762
5.062738
4.123682
4.382263
3.456816
4.055634
4.806104
4.872479
4.456145
4.259701
3.826219
3.709566
4.568909
4.258029
4.257835
3.421821
3.169073
3.130189
10.109926
25.274817
29.163239
32.196220
38.495480
29.396549
44.561436
5.735439
5.229943
5.054963
4.977195
4.841100
4.005086
3.779558
4.913425
3.592913
4.222839
3.149632
3.686235
5.096762
5.062738
4.123682
4.382263
3.456816
4.055634
4.806104
4.872479
4.456145
4.259701
3.826219
3.709566
4.568909
4.258029
4.257835
3.421821
3.169073
3.130189
10.109926
25.274817
29.163239
505
48.994244
55.215733
38.884319
51.327297
1.166530
0.883735
1.166530
0.883735
1.244298
0.935257
1.244298
0.907790
1.322067
1.159708
1.322067
1.139713
1.399836
1.015088
1.399836
0.897331
1.477605
1.787902
1.477605
1.965214
40.000000
0.000000
0.000000
48.994244
55.215733
38.884319
51.327297
1.166530
0.883735
1.166530
0.883735
1.244298
0.935257
1.244298
0.907790
1.322067
1.159708
1.322067
1.139713
1.399836
1.015088
1.399836
0.897331
1.477605
1.787902
1.477605
1.965214
40.000000
0.000000
0.000000
500
5.478959
34.243477
38.950424
27.249641
19.442160
40.245270
7.526001
507
100
0.000000
0.000000
0.000000
1.000000
3
-0.191986
0.000000
0.000000
101
3
-0.357792
0.000000
0.000000
0.000001 0.000000 1.000000 0.000000
0.000000 1.000000 0.000000 0.000000
-1.000000 0.000000 0.000001 0.000000
0.043472 61.783974 2.295198 1.000000
108
1.047925 0.000000 -0.000000 0.000000
0.043472 61.783974 2.295198 1.000000
0.000000
0.707106
0.000000
0.707107
102
0.000000
103
12
0.026180
0.000000
0.000000
0.017453
0.000000
0.000000
0.052360
0.000000
0.000000
0.069813
0.000000
0.000000
105
3.046313
0.300000
-0.017308
0.002237
0.999440
0.028532
-0.120000
0.000000
0
0.000000
0.000000
-54.894402 -5.344771 -1.888744 1.000000
-4.193050 4.872002 1.211588 1.000000
-0.034724 0.003484 0.999391 0.000000
3
0
-0.030844
0.030844
0.706434
0.706434
0.000000
0.000000
0.000000
1.000000
0.521333
-0.521334
-0.477715
-0.477715
0.000000
0.000000
0.000000
0.000000
0.000000
0.000000
1.000000
0.000000
0.000000
0.000000
0.000000
0.000000
1.000000
0.000000
0.000000
0.000000
0.000000
0.000000
1.000000
0.000000
0.000000
0.000000
0.000000
0.000000
1.000000
0.000000
0.000000
0.000000
0.000000
0.000000
1.000000
0.000000
0.000000
3.046313
0.300000
-0.017308
0.002237
0.999440
0.028532
-0.120000
0.000000
0
0.000000
0.000000
-54.894402 -5.344771 -1.888744 1.000000
9.458209 6.889572 -3.049583 1.000000
-0.034724 0.003484 0.999391 0.000000
3
0
0.030844
-0.030844
0.706434
0.706434
0.000000
0.000000
0.000000
1.000000
-0.477714
0.477714
0.521334
0.521334
0.000000
0.000000
0.000000
0.000000
0.000000
0.000000
1.000000
0.000000
0.000000
0.000000
0.000000
0.000000
1.000000
0.000000
0.000000
0.000000
0.000000
0.000000
1.000000
0.000000
0.000000
0.000000
0.000000
0.000000
1.000000
0.000000
0.000000
0.000000
0.000000
0.000000
1.000000
0.000000
0.000000
106
2.871779
0.300000
-0.047938
0.731392
-0.044492
-0.678814
0.000000
0.200000
0
0.000000
0.000000
-3.060948 -0.132440 -40.992325 1.000000
0.000000 0.000000 0.000000 1.000000
0.997224 -0.000000 -0.074464 0.000000
0
0
-0.161553
0.070336
-0.029089
0.983924
0.000000
0.000000
0.000000
1.000000
0.587754
0.063454
0.000273
0.806547
0.000000
0.000000
0.000000
0.000000
0.000000
0.000000
1.000000
0.130900
0.104720
0.000000
0.000000
0.000000
1.000000
0.052360
0.034907
0.000000
0.000000
0.000000
1.000000
0.026180
0.043633
0.000000
0.000000
0.000000
1.000000
0.000000
0.034907
0.000000
0.000000
0.000000
1.000000
0.026180
0.087266
2.871779
0.300000
-0.047938
0.731392
-0.044492
-0.678814
0.000000
0.200000
0
0.000000
0.000000
-3.060948 -0.132440 -40.992325 1.000000
54.264908 103.593788 -0.849064 1.000000
0.997224 -0.000000 -0.074464 0.000000
0
0
-0.161553
0.070336
-0.029089
0.983924
0.000000
0.000000
0.000000
1.000000
0.587754
0.063454
0.000273
0.806547
0.000000
0.000000
0.000000
0.000000
0.000000
0.000000
1.000000
0.130900
0.104720
0.000000
0.000000
0.000000
1.000000
0.052360
0.034907
0.000000
0.000000
0.000000
1.000000
0.026180
0.043633
0.000000
0.000000
0.000000
1.000000
0.000000
0.034907
0.000000
0.000000
0.000000
1.000000
0.026180
0.087266
107
