VERSION
22
10
0
2
11
12
3.624447
3.624447
3.624447
3.986892
1.000000 0.000000 0.000000 0.000000
0.000000 1.000000 0.000000 0.000000
0.000000 0.000000 1.000000 0.000000
0.000000 1.327105 0.000000 1.000000
12
1.422737
13
3
3.462013
15
0
3.082706
17.528332
19.521772
20.901175
7.837940
1.982467
6.408438
1.213353
4.398406
1
3
0.000000 1.000000 0.000000 0.000000
-1.000000 0.000000 0.000000 0.000000
0.000000 0.000000 1.000000 0.000000
6.408438 4.398406 0.000000 1.000000
0.838897
0.691777
0.910891
0
3.082706
17.528332
19.521772
20.901175
7.837940
1.982467
6.408438
1.213353
4.398406
1
3
0.000000 1.000000 0.000000 0.000000
-1.000000 0.000000 0.000000 0.000000
0.000000 0.000000 -1.000000 0.000000
6.408438 4.398406 0.000000 1.000000
0.838897
0.691777
0.910891
16
0
9.892891
8.096246
15.675880
7.837940
1.597627
0.000000
0.200000
-0.078889 -0.580571 2.959559 1.000000
2.544785
2.069603
0.000000
2.544785
5
3
0.683226 -0.248277 -0.686703 0.000000
0.319238 0.947347 -0.024892 0.000000
0.656727 -0.202215 0.726512 0.000000
0.203693 -1.066207 -0.291955 1.000000
1.279709
0.947932
1.105289
3
0.914352 -0.019620 -0.404444 0.000000
-0.379374 0.307653 -0.872597 0.000000
0.141549 0.951296 0.273860 0.000000
1.834453 -1.284295 0.144785 1.000000
1.462953
0.770577
0.955898
3
0.957370 -0.017653 -0.288326 0.000000
-0.285430 0.095667 -0.953613 0.000000
0.044418 0.995257 0.086550 0.000000
1.921843 -0.495952 0.340359 1.000000
1.433274
1.045953
1.061684
3
0.956269 -0.008726 -0.292360 0.000000
-0.292372 0.000000 -0.956305 0.000000
0.008345 0.999962 -0.002551 0.000000
1.924465 0.272912 0.355658 1.000000
1.319522
0.898798
0.917069
3
0.956269 -0.008726 -0.292360 0.000000
-0.292372 0.000000 -0.956305 0.000000
0.008345 0.999962 -0.002551 0.000000
1.915942 0.928335 0.331961 1.000000
0.947932
0.877715
0.734831
0
9.892891
8.096246
15.675880
7.837940
1.597627
0.000000
0.200000
0.078889 0.580571 2.959559 1.000000
2.544785
2.069603
0.000000
2.544785
5
3
0.683226 -0.248277 -0.686703 0.000000
0.319238 0.947347 -0.024892 0.000000
0.656727 -0.202215 0.726512 0.000000
0.203693 -1.066207 -0.291955 1.000000
1.279709
0.947932
1.105289
3
0.914352 -0.019620 -0.404444 0.000000
-0.379374 0.307653 -0.872597 0.000000
0.141549 0.951296 0.273860 0.000000
1.834453 -1.284295 0.144785 1.000000
1.462953
0.770577
0.955898
3
0.957370 -0.017653 -0.288326 0.000000
-0.285430 0.095667 -0.953613 0.000000
0.044418 0.995257 0.086550 0.000000
1.921843 -0.495952 0.340359 1.000000
1.433274
1.045953
1.061684
3
0.956269 -0.008726 -0.292360 0.000000
-0.292372 0.000000 -0.956305 0.000000
0.008345 0.999962 -0.002551 0.000000
1.924465 0.272912 0.355658 1.000000
1.319522
0.898798
0.917069
3
0.956269 -0.008726 -0.292360 0.000000
-0.292372 0.000000 -0.956305 0.000000
0.008345 0.999962 -0.002551 0.000000
1.915942 0.928335 0.331961 1.000000
0.947932
0.877715
0.734831
19
0
20
0
18
1.000000
17
501
1.895865
1.895865
503
4.929248
3.586771
4.929248
3.330573
6.309438
3.896770
4.929248
4.462968
506
4.223356
7.685937
7.844956
6.770945
0.947932
0.947932
0.947932
0.947932
0.947932
0.947932
1.137519
1.137519
1.137519
1.137519
1.137519
1.137519
1.327105
1.327105
1.327105
1.327105
1.327105
1.327105
1.137519
1.137519
1.137519
1.137519
1.137519
1.137519
0.947932
0.947932
0.947932
0.947932
0.947932
0.947932
1.597627
4.929248
4.929248
4.223356
7.685937
7.844956
6.770945
0.947932
0.947932
0.947932
0.947932
0.947932
0.947932
1.137519
1.137519
1.137519
1.137519
1.137519
1.137519
1.327105
1.327105
1.327105
1.327105
1.327105
1.327105
1.137519
1.137519
1.137519
1.137519
1.137519
1.137519
0.947932
0.947932
0.947932
0.947932
0.947932
0.947932
1.597627
4.929248
4.929248
505
13.445848
14.362611
12.985374
13.838428
0.313021
0.313021
0.313021
0.313021
0.313021
0.313021
40.000000
0.000000
0.000000
13.445848
14.362611
12.985374
13.838428
0.313021
0.313021
0.313021
0.313021
0.313021
0.313021
40.000000
0.000000
0.000000
500
1.422737
8.892108
8.892108
8.892108
3.791729
3.791729
3.082706
507
100
0.000000
0.000000
-0.030539
0.999534
3
0.000000
0.000000
0.000000
101
3
-0.337917
0.000000
0.000000
0.000001 0.000000 1.000000 0.000000
0.000000 1.000000 0.000000 0.000000
-1.000000 0.000000 0.000001 0.000000
-0.036127 43.259483 -0.000005 1.000000
108
-0.254909 0.000000 0.000000 0.000000
-0.036127 43.259483 -0.000005 1.000000
0.000000
0.707106
0.000000
0.707107
102
0.000000
103
12
-0.191986
0.000000
0.000000
0.174533
0.000000
0.000000
0.095993
0.000000
0.000000
0.157080
0.000000
0.000000
105
2.993953
0.300000
-0.008688
0.000816
0.999942
-0.006366
-0.120000
0.000000
0
0.000000
0.000000
-36.865780 -2.403026 -0.636069 1.000000
-10.285652 7.694854 -6.623093 1.000000
-0.017365 0.001743 0.999848 0.000000
3
0
0.030538
-0.000267
0.706777
0.706777
0.000000
0.000000
0.000000
1.000000
-0.478173
0.499578
0.521361
0.499956
0.000000
0.000000
0.000000
0.000000
0.000000
0.000000
1.000000
0.000000
0.000000
0.000000
0.000000
0.000000
1.000000
0.000000
0.000000
0.000000
0.000000
0.000000
1.000000
0.000000
0.000000
0.000000
0.000000
0.000000
1.000000
0.000000
0.000000
0.000000
0.000000
0.000000
1.000000
0.000000
0.000000
2.993953
0.300000
-0.008688
0.000816
0.999942
-0.006366
-0.120000
0.000000
0
0.000000
0.000000
-36.865780 -2.403026 -0.636069 1.000000
10.220696 -90.020065 -6.389700 1.000000
-0.017365 0.001743 0.999848 0.000000
3
0
-0.030538
0.000267
0.706777
0.706777
0.000000
0.000000
0.000000
1.000000
0.521360
-0.499955
-0.478174
-0.499578
0.000000
0.000000
0.000000
0.000000
0.000000
0.000000
1.000000
0.000000
0.000000
0.000000
0.000000
0.000000
1.000000
0.000000
0.000000
0.000000
0.000000
0.000000
1.000000
0.000000
0.000000
0.000000
0.000000
0.000000
1.000000
0.000000
0.000000
0.000000
0.000000
0.000000
1.000000
0.000000
0.000000
106
2.781145
0.300000
-0.115950
-0.736666
0.155785
0.647773
0.000000
0.200000
0
0.000000
0.000000
-1.274808 2.098684 -17.529560 1.000000
0.000000 0.000000 0.000000 1.000000
0.918258 -0.379742 -0.112242 1.000000
0
0
0.000872
0.024982
-0.034889
0.999078
0.000000
0.000000
0.000000
1.000000
0.831988
0.069664
0.084234
0.543918
0.000000
0.000000
0.000000
0.000000
0.000000
0.000000
1.000000
0.553786
-0.388692
0.000000
0.000000
0.000000
1.000000
0.274533
0.100000
0.000000
0.000000
0.000000
1.000000
0.457792
0.100000
0.000000
0.000000
0.000000
1.000000
0.405433
0.100000
0.000000
0.000000
0.000000
1.000000
0.466519
0.100000
2.781145
0.300000
-0.115950
-0.736666
0.155785
0.647773
0.000000
0.200000
0
0.000000
0.000000
-1.274808 2.098684 -17.529560 1.000000
61.557869 147.112381 5.117559 1.000000
0.918258 -0.379742 -0.112242 1.000000
0
0
0.000872
0.024982
-0.034889
0.999078
0.000000
0.000000
0.000000
1.000000
0.831988
0.069664
0.084234
0.543918
0.000000
0.000000
0.000000
0.000000
0.000000
0.000000
1.000000
0.553786
-0.388692
0.000000
0.000000
0.000000
1.000000
0.274533
0.100000
0.000000
0.000000
0.000000
1.000000
0.457792
0.100000
0.000000
0.000000
0.000000
1.000000
0.405433
0.100000
0.000000
0.000000
0.000000
1.000000
0.466519
0.100000
107
