VERSION
22
10
0
2
11
12
10.479069
10.479069
10.479069
10.479069
1.000000 0.000000 0.000000 0.000000
0.000000 1.000000 0.000000 0.000000
0.000000 0.000000 1.000000 0.000000
0.000000 12.558021 0.000000 1.000000
12
5.515075
13
3
6.610628
15
0
8.649549
24.619211
22.421066
15.066957
5.650109
7.156805
8.663501
3.013391
10.923544
1
1
0.000000 1.000000 0.000000 0.000000
-1.000000 0.000000 0.000000 0.000000
0.000000 0.000000 1.000000 0.000000
8.663501 10.923544 0.000000 1.000000
4.214982
0
8.649549
24.619211
22.421066
15.066957
5.650109
7.156805
8.663501
3.013391
10.923544
1
1
0.000000 1.000000 0.000000 0.000000
-1.000000 0.000000 0.000000 0.000000
0.000000 0.000000 -1.000000 0.000000
8.663501 10.923544 0.000000 1.000000
4.214982
16
0
21.524225
20.000387
11.300219
5.650109
9.793522
0.000000
0.200000
0.000000 0.000000 3.454100 1.000000
7.533479
10.631245
0.000000
10.772874
5
3
0.907177 -0.348508 -0.235737 0.000000
0.292477 0.925110 -0.242133 0.000000
0.302468 0.150710 0.941169 0.000000
5.592897 -5.444292 -0.136414 1.000000
2.297711
2.297711
2.297711
3
1.000000 0.000000 0.000000 0.000000
0.000000 0.000000 -1.000000 0.000000
0.000000 1.000000 0.000000 0.000000
10.631245 -3.231862 0.000000 1.000000
2.260044
2.260044
2.260044
3
0.996195 0.087156 0.000000 0.000000
0.000000 0.000000 -1.000000 0.000000
-0.087156 0.996195 0.000000 0.000000
10.355151 0.013689 0.522026 1.000000
2.636718
2.636718
2.636718
3
0.996879 0.078456 -0.008727 0.000000
-0.008700 -0.000685 -0.999962 0.000000
-0.078459 0.996917 0.000000 0.000000
9.990678 2.344611 0.000000 1.000000
2.260044
2.260044
2.260044
3
0.991456 0.104206 -0.078459 0.000000
-0.078029 -0.008201 -0.996917 0.000000
-0.104528 0.994522 0.000000 0.000000
9.082142 4.591415 0.000000 1.000000
1.883370
1.883370
1.883370
0
21.524225
20.000387
11.300219
5.650109
9.793522
0.000000
0.200000
0.000000 0.000000 3.454100 1.000000
7.533479
10.631245
0.000000
10.772874
5
3
0.907177 -0.348508 -0.235737 0.000000
0.292477 0.925110 -0.242133 0.000000
0.302468 0.150710 0.941169 0.000000
5.592897 -5.444292 -0.136414 1.000000
2.297711
2.297711
2.297711
3
1.000000 0.000000 0.000000 0.000000
0.000000 0.000000 -1.000000 0.000000
0.000000 1.000000 0.000000 0.000000
10.631245 -3.231862 0.000000 1.000000
2.260044
2.260044
2.260044
3
0.996195 0.087156 0.000000 0.000000
0.000000 0.000000 -1.000000 0.000000
-0.087156 0.996195 0.000000 0.000000
10.355151 0.013689 0.522026 1.000000
2.636718
2.636718
2.636718
3
0.996879 0.078456 -0.008727 0.000000
-0.008700 -0.000685 -0.999962 0.000000
-0.078459 0.996917 0.000000 0.000000
9.990678 2.344611 0.000000 1.000000
2.260044
2.260044
2.260044
3
0.991456 0.104206 -0.078459 0.000000
-0.078029 -0.008201 -0.996917 0.000000
-0.104528 0.994522 0.000000 0.000000
9.082142 4.591415 0.000000 1.000000
1.883370
1.883370
1.883370
19
0
20
0
18
1.000000
17
501
5.650109
5.650109
503
9.793522
12.829514
9.793522
12.829514
9.793522
12.829514
9.793522
12.829514
506
22.600437
22.600437
22.600437
22.600437
1.883370
1.883370
1.883370
1.883370
1.883370
1.883370
2.260044
2.260044
2.260044
2.260044
2.260044
2.260044
2.636718
2.636718
2.636718
2.636718
2.636718
2.636718
2.260044
2.260044
2.260044
2.260044
2.260044
2.260044
1.883370
1.883370
1.883370
1.883370
1.883370
1.883370
9.793522
24.483807
18.833696
22.600437
22.600437
22.600437
22.600437
1.883370
1.883370
1.883370
1.883370
1.883370
1.883370
2.260044
2.260044
2.260044
2.260044
2.260044
2.260044
2.636718
2.636718
2.636718
2.636718
2.636718
2.636718
2.260044
2.260044
2.260044
2.260044
2.260044
2.260044
1.883370
1.883370
1.883370
1.883370
1.883370
1.883370
9.793522
24.483807
18.833696
505
38.652161
45.200874
37.667393
37.667393
1.130022
6.791431
40.000000
0.000000
0.000000
38.652161
45.200874
37.667393
37.667393
1.130022
6.791431
40.000000
0.000000
0.000000
500
5.515075
34.469215
34.469215
34.469215
18.833696
18.833696
8.649549
507
100
0.000000
0.000000
0.000000
1.000000
3
0.000000
0.000000
0.000000
101
3
-0.030000
0.000000
0.000000
0.000001 0.000000 1.000000 0.000000
0.000000 1.000000 0.000000 0.000000
-1.000000 0.000000 0.000001 0.000000
-0.257925 55.142258 0.000000 1.000000
108
0.959754 0.000000 0.000000 0.000000
-0.257925 55.142258 0.000000 1.000000
0.000000
0.707106
0.000000
0.707107
102
0.000000
103
12
0.052360
0.000000
0.000000
0.000000
0.000000
0.000000
0.000000
0.000000
0.000000
0.000000
0.000000
0.000000
105
2.828146
0.300000
-0.011452
0.043229
0.997783
-0.049277
-0.120000
0.000000
0
0.000000
0.000000
-46.399307 -2.381084 -0.657250 1.000000
-9.564727 8.742950 -2.381069 1.000000
-0.018593 0.087395 0.996000 0.000000
3
0
-0.064701
0.064701
0.704140
0.704140
0.000000
0.000000
0.000000
1.000000
-0.543653
0.543653
0.452152
0.452152
0.000000
0.000000
0.000000
0.000000
0.000000
0.000000
1.000000
0.000000
0.000000
0.000000
0.000000
0.000000
1.000000
0.000000
0.000000
0.000000
0.000000
0.000000
1.000000
0.000000
0.000000
0.000000
0.000000
0.000000
1.000000
0.000000
0.000000
0.000000
0.000000
0.000000
1.000000
0.000000
0.000000
2.828146
0.300000
-0.011452
0.043229
0.997783
-0.049277
-0.120000
0.000000
0
0.000000
0.000000
-46.399307 -2.381084 -0.657250 1.000000
9.048869 8.742950 -2.381095 1.000000
-0.018593 0.087395 0.996000 0.000000
3
0
0.064701
-0.064701
0.704140
0.704140
0.000000
0.000000
0.000000
1.000000
-0.452151
0.452151
0.543654
0.543654
0.000000
0.000000
0.000000
0.000000
0.000000
0.000000
1.000000
0.000000
0.000000
0.000000
0.000000
0.000000
1.000000
0.000000
0.000000
0.000000
0.000000
0.000000
1.000000
0.000000
0.000000
0.000000
0.000000
0.000000
1.000000
0.000000
0.000000
0.000000
0.000000
0.000000
1.000000
0.000000
0.000000
106
2.365634
0.300000
-0.042220
0.743524
-0.037835
-0.666302
0.000000
0.200000
0
0.000000
0.000000
-4.058129 9.865620 -36.932877 1.000000
-52.526443 103.217285 9.251254 1.000000
0.994018 0.000000 -0.109221 0.000000
0
0
-0.161188
0.100212
-0.018480
0.981649
0.000000
0.000000
0.000000
1.000000
0.592411
0.285499
0.149921
0.738284
0.000000
0.000000
0.000000
0.000000
0.000000
0.000000
1.000000
0.043633
0.043633
0.000000
0.000000
0.000000
1.000000
0.000000
0.000000
0.000000
0.000000
0.000000
1.000000
0.000000
0.000000
0.000000
0.000000
0.000000
1.000000
0.000000
0.000000
0.000000
0.000000
0.000000
1.000000
0.000000
0.000000
2.365634
0.300000
-0.042220
0.743524
-0.037835
-0.666302
0.000000
0.200000
0
0.000000
0.000000
-4.058129 9.865620 -36.932877 1.000000
49.972878 103.441185 7.651817 1.000000
0.994018 0.000000 -0.109221 0.000000
0
0
-0.161188
0.100212
-0.018480
0.981649
0.000000
0.000000
0.000000
1.000000
0.592411
0.285499
0.149921
0.738284
0.000000
0.000000
0.000000
0.000000
0.000000
0.000000
1.000000
0.043633
0.043633
0.000000
0.000000
0.000000
1.000000
0.000000
0.000000
0.000000
0.000000
0.000000
1.000000
0.000000
0.000000
0.000000
0.000000
0.000000
1.000000
0.000000
0.000000
0.000000
0.000000
0.000000
1.000000
0.000000
0.000000
107
